local start = game.Players.LocalPlayer.Character.HumanoidRootPart.CFrame
game.Players.LocalPlayer.Character.HumanoidRootPart.CFrame = CFrame.new(2468.56787, 27.6776562, -1545.09937, 0.590328693, -1.52014294e-08, 0.807162941, 1.16737269e-08, 1, 1.02954347e-08, -0.807162941, 3.34490902e-09, 0.590328693)
wait(3)
game.Players.LocalPlayer.Character.HumanoidRootPart.CFrame = CFrame.new(3425.43555, 334.323608, -2248.30981, 0.743817806, 3.35763488e-08, 0.668382406, -2.59685287e-08, 1, -2.13358309e-08, -0.668382406, -1.48693702e-09, 0.743817806)
wait(3)
game.Players.LocalPlayer.Character.HumanoidRootPart.CFrame = CFrame.new(-1418.97046, 145.529114, 2576.74731, -0.453661323, 1.23819133e-08, -0.891174197, 3.63693928e-08, 1, -4.62027971e-09, 0.891174197, -3.4507508e-08, -0.453661323)
wait(3)
game.Players.LocalPlayer.Character.HumanoidRootPart.CFrame = CFrame.new(-1156.83813, 182.232697, 2709.91895, 0.999057591, -1.0031191e-08, 0.04340446, 1.2963377e-08, 1, -6.72734757e-08, -0.04340446, 6.77727456e-08, 0.999057591)
wait(3)
game.Players.LocalPlayer.Character.HumanoidRootPart.CFrame = CFrame.new(-2337.18799, 81.3731842, -894.604919, 0.99356848, 1.34447493e-08, 0.113232605, -1.33530325e-08, 1, -1.56842705e-09, -0.113232605, 4.63410317e-11, 0.99356848)
wait(3)
game.Players.LocalPlayer.Character.HumanoidRootPart.CFrame = CFrame.new(-2211.78076, 20.442667, -1823.32996, 0.915291309, 9.13993574e-08, -0.402792484, -8.11917218e-08, 1, 4.24170707e-08, 0.402792484, -6.12056139e-09, 0.915291309)
wait(3)
game.Players.LocalPlayer.Character.HumanoidRootPart.CFrame = CFrame.new(-636.810974, 32.532814, -3370.9353, 0.233210281, 1.95560208e-08, 0.972426355, -1.47820298e-08, 1, -1.65654708e-08, -0.972426355, -1.05111972e-08, 0.233210281)
wait(3)
game.Players.LocalPlayer.Character.HumanoidRootPart.CFrame = CFrame.new(-1087.00281, 9.97615242, -4611.97021, 0.980672717, 8.31353617e-08, 0.195655406, -7.61642411e-08, 1, -4.31532428e-08, -0.195655406, 2.74172596e-08, 0.980672717)
wait(3)
game.Players.LocalPlayer.Character.HumanoidRootPart.CFrame = CFrame.new(-1904.68567, 14.9201956, -5355.81201, -0.416297078, 1.01952011e-08, 0.909228623, -2.03181987e-08, 1, -2.0515861e-08, -0.909228623, -2.70145808e-08, -0.416297078)
wait(3)
game.Players.LocalPlayer.Character.HumanoidRootPart.CFrame = CFrame.new(-754.63147, 35.2570343, 288.651978, -0.996623397, -9.68420935e-08, 0.0821087658, -9.85861774e-08, 1, -1.71869221e-08, -0.0821087658, -2.52236791e-08, -0.996623397)
wait(2)
game.Players.LocalPlayer.Character.HumanoidRootPart.CFrame = start
